4962
2019
9245
6317
7916
8604
2984
6224
6033
437
4735
768
4455
8383
9258
3332
3813
862
4144
7265
6806
3829
8615
6841
9401
9918
4507
6992
3373
2197
4179
9579
6810
4302
1458
4295
626
7268
4382
8964
3847
1451
8233
350
6759
4478
838
3290
2509
9051
8200
9817
2262
7283
9883
6583
8667
643
1975
880
6428
7386
2192
3259
9670
8340
9236
2238
5156
8574
153
9504
7282
9492
7040
740
8141
8358
6541
9362
222
4830
5876
4068
4204
7996
1206
6614
6356
5003
8927
9089
9156
9888
4790
247
7861
3112
1017
6707
9340
2876
6787
4660
940
7696
905
408
4731
5115
9224
1594
842
9169
476
3998
7327
1396
3051
8720
1617
8425
9758
4309
6006
448
3411
1349
3643
8698
3107
7932
9483
6448
24
979
128
8060
1919
858
4131
395
4333
5627
3027
8715
6877
8551
2682
9703
6122
5354
8216
2831
709
8350
3759
6234
3362
5178
1786
1588
7532
8541
2282
9659
9759
1815
7622
4476
9520
2860
4449
2309
1558
2159
6988
8131
8638
7184
7448
6415
6835
9454
1552
3594
42
9575
5241
4
3331
652
8675
121
9898
9503
7836
8230
9282
270
98
2713
4042
6297
3845
2534
1182
4507
2672
2510
9689
2357
7858
4687
953
2863
5276
9274
5649
2129
4691
366
9200
3541
7520
8422
6582
3891
8755
7521
5684
7769
6724
5740
4380
3197
6255
8885
2294
8099
598
3229
6708
7128
708
5439
6105
5259
8939
3438
2817
7147
3120
7524
3717
842
921
8249
8392
441
4669
9089
2254
5664
853
3453
2346
584
4394
3771
4314
7794
8369
8084
2311
8425
1511
3387
211
2857
2159
6873
1136
5189
8708
9809
9998
6280
6782
2884
3810
6324
6049
3312
4455
9767
377
1358
7157
4240
1319
9173
6922
4696
2047
3395
9298
4161
8469
8590
470
4472
2878
928
7976
6807
5789
1160
8012
9743
9647
8562
2880
8527
4029
6185
356
918
9635
5860
497
544
8831
247
2132
8764
2070
1146
3125
2321
5743
4622
4991
5234
4058
7136
552
8466
3833
6757
1149
4530
2656
6013
6260
2651
6514
8804
2089
9541
3812
4745
482
8788
1430
4143
4604
2093
6850
9571
7516
688
245
3180
4156
7166
2412
6167
6355
3685
6002
5741
5868
7371
8865
4809
6381
1618
4373
3378
7149
8606
1009
3098
4337
3428
1357
353
9685
6285
7079
9627
6663
7178
8725
5047
5764
7857
2455
5320
7414
8987
6628
7158
1793
9541
301
1422
5508
3631
6416
4498
4264
5637
7321
7656
3252
5661
2888
684
6730
6337
8397
4198
536
5366
912
1589
3922
5015
7851
24
9696
4907
4080
3369
2767
8077
1381
3973
6310
2249
7707
229
7700
7165
7883
9814
8083
6084
9233
8024
3078
7529
8341
3595
2044
4830
3108
9142
713
398
4205
105
5005
8545
4135
1310
1501
4515
9072
4101
7502
1372
7728
4798
6618
208
4245
8859
1626
8524
7946
6282
7563
6269
5695
5291
4377
3813
8636
8742
2813
137
2942
4256
7509
5812
5893
2336
7697
4056
9597
524
2765
293
1778
8666
9080
6204
5449
7357
6519
9591
5628
5652
5723
995
1528
6552
2217
5436
9559
5909
8494
4008
5269
3601
4890
1352
9174
8574
8863
8503
8200
8785
5914
6355
9025
6486
6618
1669
6184
6009
8474
7456
293
7322
9018
8494
7876
6085
8787
6342
6160
4235
9027
9350
5725
1006
7652
9234
9672
6986
4961
3234
6608
709
4120
3021
4810
680
2931
5037
5411
7026
2507
3389
8836
1037
9263
8513
2102
2020
829
1630
2677
6438
9652
3329
4490
7923
1121
9057
642
1396
8879
1908
348
2132
7765
8561
6811
7261
2401
3925
6277
8922
7117
9321
884
6801
7108
4370
1934
1595
2536
5448
7970
921
9667
9668
67
1632
2726
5339
5909
4497
9558
7021
5173
8311
5508
2248
515
8191
8024
3856
6085
8956
2783
8341
371
2714
399
9116
4514
7826
3840
2095
9947
7492
5280
7378
3639
6619
1463
37
2388
8613
1932
3487
74
1844
6107
267
3159
5879
3801
7157
8301
7499
3227
2953
215
6823
8848
4800
3210
6077
2278
3837
257
8261
2464
2371
1337
2225
4466
6017
5018
3693
6717
5597
6365
2130
5142
454
2728
9662
7014
8083
9267
2225
1869
3957
4925
1916
2829
8262
8175
2620
3533
6714
8178
6086
2103
1685
3431
2087
7183
7551
6283
4788
8155
9150
6054
6002
3502
8595
6954
7427
4259
3900
1121
781
6179
3443
4129
609
8647
822
3932
4917
1052
8175
3246
431
6385
3857
8298
4488
9307
4734
4805
7685
8202
1039
8379
1
1055
1136
3952
5727
734
9588
2610
6932
4343
5751
355
6887
8332
739
1489
123
1123
5997
2543
4869
8530
7731
422
3289
9136
635
9465
5387
8911
5094
3141
3232
4833
4656
4572
7251
2081
4952
4978
1962
7976
6457
5722
4069
1596
9966
6451
2122
9697
4667
7603
9206
7213
3815
7517
6582
5883
6169
3791
2843
5226
9718
234
9528
5182
4783
7593
952
8697
3186
241
141
9211
3732
4737
5563
9247
6003
6984
8939
6291
2625
9975
6909
4173
6832
2915
7063
6874
9445
4935
9039
4833
9730
9802
7620
5707
1996
3456
1350
6176
5864
8407
5945
2905
2688
5794
81
5935
3576
558
3371
5311
6451
9835
3162
7966
5250
7678
9340
4380
714
2728
998
5527
2201
9013
1118
2714
3596
4242
9871
6473
284
4938
7102
2044
2054
8529
8255
2170
1091
3558
8958
3082
2178
3843
8005
2334
1593
642
1202
6190
259
8948
7328
3826
749
6134
1352
4989
3613
8237
4873
4782
3512
6099
6190
4748
4996
2242
5573
793
2947
7087
4407
3935
2190
6947
2810
2157
9302
5701
6120
3226
9932
186
1770
2126
3879
1727
1250
451
3121
5754
6240
6764
8419
8476
2691
1264
3288
1159
8686
4141
8561
4556
848
5564
4106
3106
9070
3342
4186
9046
6872
5187
6544
3762
8241
4689
1607
7660
4854
5129
6033
1592
1051
4837
5308
9020
6091
609
6386
9253
3223
618
3786
7336
6837
6067
514
7331
2323
1611
5893
5154
7910
2351
2210
9525
800
267
5802
6057
7090
1169
8264
2666
9089
222
6377
2841
297
8059
64
1490
4708
514
6757
3427
1665
9216
3871
1367
2734
2260
2775
9956
8648
5485
4448
3875
5014
2081
6
3707
9939
3092
1222
746
6457
4398
4180
1641
7482
6496
5368
4978
9937
3719
638
3308
5589
2914
1505
7171
7876
7971
5674
2970
4535
3974
5968
4311
3388
1278
5471
6666
4916
4487
1967
2946
5051
9847
4424
4729
8552
166
5329
8990
1046
1570
6465
7054
1809
1561
1951
819
4868
5518
9906
1016
6843
2408
951
5930
3285
8560
8548
2144
9338
3202
6349
932
4825
4567
4353
4707
6934
5428
4680
4483
7221
9180
1975
7833
9380
2501
2564
9369
8303
1227
722
2119
1623
2057
2863
1379
853
2454
1723
3236
8410
7756
3458
2940
7403
6592
9961
1124
3620
5051
2399
3963
1048
3578
8571
5888
5410
3776
2135
5150
100
7402
7083
9165
4923
3821
1194
3681
9492
9940
3837
3321
2626
9389
1201
4030
6782
5611
8596
1218
6560
6768
5537
8570
2125
5266
1495
909
3425
4895
2782
6897
2757
5609
1859
1110
2173
709
4333
7876
6143
4942
2208
6892
4487
1297
2483
2724
3125
8439
712
7628
9973
6080
9731
3077
2179
3845
4266
2447
2635
2392
4139
8357
3924
6057
1396
2730
685
4386
4737
6063
7345
4744
560
3719
1576
9979
6194
7713
6431
5558
7125
4521
6710
3344
6010
9150
4935
6395
6670
3325
9896
3991
460
4313
1339
4123
7339
1906
9299
211
3501
7073
497
6156
8559
5405
5956
8315
4256
4576
5710
5045
3415
5958
7731
7458
6763
4455
2262
5013
6658
638
9959
4634
9995
7719
5732
9239
9334
8046
1007
1111
2204
55
1000
1682
4124
9677
9960
9808
7697
1816
416
5626
9338
2909
2117
9177
6570
6779
6325
2516
4658
9935
2242
9401
351
1072
8089
4345
9168
3533
651
6410
8728
8218
4255
4185
6157
5554
3573
3762
2765
6293
5237
2949
2355
2676
6602
1013
7826
9612
1387
9863
4076
6178
8067
3486
9971
4938
2918
3209
7572
8140
5799
9891
6036
5063
8783
8603
5032
4499
6795
3103
3995
1554
6410
908
6119
4745
7744
9132
5174
2903
784
3928
8053
9640
1853
5372
1839
1829
2032
6504
4042
3449
2297
308
1588
6930
628
1326
6059
9022
6738
7370
9269
9401
7044
8237
8181
2617
1310
3027
3445
7294
835
135
5495
6278
4852
2719
3996
6653
2859
4854
63
9706
3529
9021
4517
8734
7234
8271
7408
9911
58
4155
8411
8489
1054
2502
3259
6422
6216
2463
6240
9233
1834
8230
5006
1430
2927
5263
6057
6256
3941
6266
4461
9207
8293
9219
4112
2746
8589
2412
7583
515
1017
556
4303
2611
1658
8490
5291
3266
5284
5023
8366
4468
3823
1233
3454
4495
1373
4005
2719
4819
7769
934
555
2475
5377
1801
4193
1832
1166
3532
9461
2219
4127
8372
7384
9321
140
3881
4160
5284
2642
5251
2579
384
432
9481
220
2586
7989
7373
7063
9677
4551
2093
6734
3348
955
8371
6437
4972
3099
5562
4036
9217
4688
6940
9963
9058
8459
2831
9093
7452
7776
2933
8348
3807
8399
8922
6604
2199
8519
2289
2178
7707
623
2423
8497
4508
7194
6870
3275
6890
5292
5634
7228
6580
8367
2963
3760
4537
5080
7983
7855
2581
6814
1693
9398
3459
5216
4549
5875
2217
5044
1118
7902
7427
5658
8262
3485
1897
9972
2038
8329
5280
2205
2406
6537
7418
4042
3145
6925
8680
7076
4829
3488
8733
3639
298
1591
9599
2730
8723
9886
2461
3794
5425
9317
6533
3940
7320
9346
974
1372
6583
419
5942
6356
5649
3069
9873
1532
9080
2001
9636
4925
4493
5559
843
4020
5016
6601
9409
686
4237
7030
9165
7425
74
8203
8773
1635
2630
755
5147
5991
1668
628
3038
8021
8619
7197
4667
4788
6359
5907
1033
9295
8124
4573
4575
1591
967
8818
8887
7897
5913
1701
9263
7984
1589
4641
4256
3849
4338
9054
3491
7872
4477
7882
733
9167
6736
7177
5250
1472
3043
1743
3034
8951
2165
122
3258
8577
628
5856
3344
7933
558
7925
6548
1894
8673
6369
9562
4593
7052
6728
5419
9048
6765
9407
4783
3627
9047
6073
1512
2440
9831
4849
3981
1817
6297
9401
3314
1047
9164
6292
9129
4305
592
5846
3185
7160
7192
5100
4100
8208
8052
6577
9774
446
8694
6946
4259
6642
3850
2783
8675
4679
8124
8371
7743
8272
8639
7513
761
5250
5024
2483
4892
2951
6326
2826
3348
1376
1155
5148
217
4753
6648
2886
3356
5678
9138
3935
8235
62
9593
8938
1698
393
5449
7206
4664
5648
5807
1744
4150
3224
2564
9088
5878
1352
7187
4494
4318
77
6154
1173
3552
7081
5507
784
6383
716
6740
3374
8261
560
902
7265
7245
5341
1921
4702
1711
4047
4843
6377
9354
4165
3447
9693
8838
9367
9812
7071
1455
7464
6205
3218
8256
1818
1222
4108
7698
4319
9762
7555
878
7924
4335
5528
1251
4512
8346
6966
9272
7020
3877
7560
850
9987
7474
1641
933
6985
7283
5110
7502
6012
1851
2751
8947
1905
310
9660
6884
6432
8743
6566
7922
1079
4787
1786
3392
6215
9322
6451
3149
6363
4933
2271
5270
7299
3296
8536
9442
1899
6236
3276
1709
6337
1219
9702
6777
5048
1289
5773
9115
8518
5266
3089
1900
8458
8114
360
1910
604
7676
3497
7358
7652
9098
8000
438
822
8888
2652
5245
1666
831
4636
2438
5136
3186
4291
4003
4736
6254
447
124
4113
8119
3353
9272
1181
347
9462
6643
9078
9886
1710
32
3026
1261
3399
7629
4317
9555
3549
1526
5931
2205
7414
8899
5313
2407
796
544
9957
785
2672
5572
4179
6758
2838
9827
3714
7330
678
6399
8518
5716
9888
3290
7738
8869
7882
9155
5227
9630
7130
8431
8518
1226
3876
1203
7256
4764
2937
9831
7025
6188
3466
4978
2800
9268
2254
777
7671
6270
7352
7399
9518
9671
9174
8623
8064
5567
3757
8070
1028
6705
429
8205
3261
6340
1934
6262
1005
9622
2115
1367
1464
7345
3575
9135
308
1513
6605
407
2897
6562
3981
3071
4743
6249
5945
3106
638
779
4920
3606
9208
7776
618
8811
9340
1971
6052
8207
8944
6311
8931
2016
9899
2825
8170
4002
9050
5616
7391
6727
4910
3765
9872
8718
8519
4723
6385
4619
429
9727
1862
860
6619
4362
4318
2665
2532
920
1046
5507
6685
9138
4122
3778
7001
425
5964
7133
6342
3828
9989
6796
3241
2914
4205
4552
4604
8659
9436
4565
5103
8683
4450
5853
3672
8887
3139
7576
4139
4335
848
8467
9309
8032
5643
4288
1716
4560
378
7362
3166
1724
9540
480
4955
321
5152
7164
8778
6903
2243
8310
5558
8318
8193
4862
4725
8835
7143
716
9970
6330
2374
4861
7548
3103
4007
9070
6563
6822
1688
5945
5113
877
8140
9690
9869
2934
9726
304
1393
1239
8533
2608
2848
1862
1200
927
8786
5718
7401
2061
5240
1198
5647
8383
8007
6779
7126
4840
2612
1962
7567
4239
2768
3842
4000
1318
8845
9255
9645
4756
9076
3953
3311
4597
72
7018
6458
5397
8630
1146
469
9945
7744
6069
7719
3992
1520
330
4871
3703
1084
386
4216
3879
850
4963
7407
8670
8161
5067
7974
1831
5972
6029
7438
4166
7111
5494
2123
6079
2664
9690
5522
892
1004
3041
7934
6791
5419
4942
9037
2973
7329
2128
5191
4474
8444
7834
6032
5123
1478
3029
1048
6236
4833
8584
2742
2433
7473
7016
8347
8861
5628
9711
2334
9035
8734
1469
5726
9311
2589
2389
3010
9136
3329
1348
4184
224
5380
2615
535
2882
4083
5454
1519
5014
9685
6923
5335
3073
2086
5443
9621
1676
9076
5573
409
660
530
7478
2245
4156
9378
2048
2503
3159
7268
3949
5256
9583
4255
2717
2081
7385
8544
7662
7356
979
9422
5555
3470
7772
2846
9774
6285
1350
1110
8016
9473
2592
3069
9167
1284
42
4231
3368
2565
3124
7317
1483
1587
4485
884
3836
2240
5557
1583
8042
359
4780
3844
4950
9001
1649
4573
2507
1421
8751
2023
7418
9256
4047
6978
2673
4837
2212
1616
8644
9554
8186
4675
3324
4882
7547
4282
4118
504
6113
3044
1279
2816
297
8537
2363
9922
1986
1197
904
2577
1131
9711
491
4749
9599
2475
7306
3775
9780
2104
8632
9232
7812
739
6480
4571
7874
9169
2469
3105
9433
9181
5219
9198
5364
6573
4679
8449
7470
9661
822
6653
4441
731
6811
6497
6876
768
3356
2709
5577
9342
68
6571
6725
3489
3782
8241
4739
2482
8809
905
564
3354
8756
3400
8532
3393
5510
6929
5710
4576
1618
1579
2777
9601
8242
4334
8185
7060
634
3307
9719
2265
9082
7159
4576
93
256
6802
7702
8855
386
5443
9340
1690
8066
8363
7544
2574
8353
9779
8230
9893
6616
9381
4404
4567
3087
6429
6681
2579
4833
3608
6250
8679
7956
5965
3913
1196
1227
1673
388
8516
7365
1362
1967
7419
2373
8472
4886
9727
8338
2252
8717
4861
8001
1572
1738
430
3077
5208
6121
9121
1023
1761
594
4495
8158
7121
7271
2823
4819
4975
6772
9509
7826
2598
2371
1609
2022
7971
494
1279
1819
3510
7671
5664
3383
9741
2610
6536
197
7983
8127
163
451
1982
9973
2507
9980
1349
6787
2307
6016
1177
2724
4157
9603
5222
9798
3632
6952
3767
2896
2515
2071
2226
9359
4536
2698
382
9708
6358
6338
9824
6450
7246
1651
378
6475
2847
6067
3066
1713
9500
4741
4981
2800
9466
8020
3733
2635
7414
6566
3978
7704
6555
4137
9105
1451
9043
4311
3254
8444
42
5306
4989
1384
7965
1317
8863
7299
3119
2247
7355
6289
6681
3147
490
6064
3911
6098
4061
8162
1551
9495
7555
1478
2686
1229
3166
4736
7169
9543
9548
9282
6115
7500
5281
5289
6752
1240
7522
720
8050
5052
3925
1766
7429
7568
5475
1862
770
4404
9124
5845
6758
671
7336
70
7684
9427
4014
2909
3823
2727
2386
4468
8928
8374
7626
1338
268
3162
8914
2041
451
60
8785
2571
7084
3405
2690
7307
8793
2491
1559
9767
4241
4391
3950
899
9774
4995
301
1584
2965
2635
2474
7162
9700
2743
3994
5693
523
9737
1726
6800
6188
8322
2151
2254
9180
6456
8001
3147
9373
3908
9160
276
8114
4307
1068
5297
7981
7611
1247
157
5612
2356
5396
7343
2001
6381
9472
3651
9108
6427
888
9723
6577
3639
9466
8084
4178
3601
9290
8941
9929
1421
31
4516
547
6194
5092
8499
806
7929
2445
4607
8540
5055
245
6464
6656
2194
1612
5302
2549
412
6460
3703
7872
7242
8721
5585
1360
435
6613
1487
4133
1864
6723
783
5631
847
5453
1471
9929
6181
6605
8046
2748
3366
4636
5646
5446
2492
754
5564
5464
8945
3571
7996
4074
4932
388
6402
5312
2587
6730
3992
6926
7909
236
3541
404
1701
5013
5506
5856
1290
1035
4516
5509
4754
7392
8722
6808
5524
3868
5285
3991
4278
69
266
1871
2297
9689
8305
7503
9649
4136
8863
7813
7049
3577
88
2504
5168
8469
692
4761
7488
4542
6273
8681
3771
3491
6911
4442
5827
6657
6318
9338
4392
1801
245
6840
7178
3109
8997
96
1126
7379
7626
8833
1854
317
5109
1444
4005
2930
1238
6295
3270
3328
7209
1148
1049
8391
6041
2169
4545
416
6468
5229
2633
9435
9825
5059
9214
278
3187
5546
4201
168
7665
3913
6716
184
1491
4153
8118
9188
3432
9574
3642
6709
5996
1789
4578
711
2234
2676
9766
1301
6599
4830
4658
5664
1403
6183
6915
9398
6066
4869
6115
5441
6126
6847
8512
1460
9259
2059
6605
6256
4332
8127
5670
7729
6777
7569
8421
9614
4577
7544
1033
7551
6120
7498
9411
2376
2063
118
4111
7447
5596
9835
3434
3118
5909
103
2705
2079
9083
51
8179
7078
1680
4930
3231
1242
5979
715
740
9749
7298
5832
1241
2030
4980
8386
404
5304
7819
295
7477
7353
4784
2380
1969
8548
6186
9798
8679
2663
7803
9639
4295
8614
8905
7854
1265
3722
7714
4608
795
3198
4825
3704
2255
2932
2925
2121
9213
5828
6643
6715
8205
3396
1666
2744
3209
5134
5378
5270
5333
7398
3650
968
2185
6991
88
95
8535
9892
9618
7006
4837
6569
9647
4270
9127
774
3134
6108
2340
4847
346
3679
4294
6598
5115
2452
3639
8845
1867
9276
299
7755
804
5306
1663
650
4883
641
3839
1497
7430
1022
694
6804
9059
680
624
2478
7693
8684
6981
8969
6094
9804
4549
8305
8552
359
9641
1949
147
1070
3482
5663
2806
2292
4493
1035
9266
4676
8066
5769
9250
1752
7475
6338
1022
5823
6798
4964
4010
1055
6703
2638
4103
7613
1246
6165
8496
932
1473
8740
1065
8337
767
5602
5628
2938
8518
9341
1198
3186
2478
9647
4844
6357
5975
8800
649
4270
6843
7949
3122
2138
7173
3616
9517
7658
1714
1301
8667
5146
7256
8133
6797
2614
4590
2094
345
7288
1930
2311
6590
6833
9222
154
8354
8190
6617
5732
9735
3981
4815
4635
4011
7315
1475
982
1891
498
3525
1658
5050
7852
6343
5707
4132
9414
9648
3045
4418
4605
4379
8085
9493
304
1947
9200
8605
254
2173
8684
1225
6591
4106
1981
8061
2071
4893
1815
5121
9547
9255
4760
79
1609
6718
9799
8177
4474
2629
7773
8827
2072
7927
8301
4258
4124
8634
1983
1376
3607
1928
7381
6807
965
1856
5577
712
2010
9281
5524
4034
6074
2098
6970
1608
895
8890
113
9299
6607
7184
2158
8604
5881
7952
9290
2060
7607
4548
1409
5444
5697
7567
227
1289
9330
1008
4769
6619
2180
8183
2724
9223
8822
2058
6040
7238
7543
4066
2678
4118
5664
1100
4184
9327
4259
3908
1475
1195
8891
7182
1305
1430
1932
3828
8963
8794
8785
6950
9560
2573
563
8966
6181
8545
5315
2985
647
9041
4798
8656
5941
9718
5984
5421
7391
193
1874
9081
2533
2169
499
6550
772
749
2760
1506
9742
9663
7406
673
5157
3735
1332
408
1946
7130
3042
431
1624
7355
2336
8453
9931
1450
8566
4930
1315
5908
6684
4504
2745
5807
3107
4300
538
7689
4534
7757
2597
5875
2012
1840
1619
9854
8012
1954
9194
3912
8848
6952
5955
7192
4949
6339
6955
901
9796
6111
2658
8573
7730
2887
3834
1876
6264
5204
419
6365
6984
3582
2188
5314
8979
821
6893
8350
9509
8144
8710
2479
6812
106
7411
3038
748
8701
2796
3346
8056
914
1618
7045
4868
6154
7453
750
4717
7141
28
2703
1802
8765
8924
8815
8962
8492
7335
3495
8580
3566
2360
3465
6645
3729
5975
9362
9646
9329
9655
4658
7244
3917
1991
4920
4148
4313
6140
9595
4921
6495
4816
9357
7487
7672
9281
6681
6044
3839
3586
3817
2122
2161
8512
6595
5175
1254
9979
6463
7593
5389
104
3033
4310
3915
3411
9511
6985
9501
6677
3366
5860
9134
6888
3371
97
7004
276
9694
714
4047
8528
6852
6157
7909
3912
5241
4977
2065
885
9967
2410
9771
2274
9756
7887
5870
4191
7910
935
7074
4299
1138
4842
1161
6546
5454
6287
4489
2166
4807
4528
7587
7140
6196
573
2686
2096
6469
2483
1091
8488
9723
6043
2253
2817
6821
7816
6119
2013
6544
6991
6318
9696
7113
8694
5365
7046
9551
8851
2532
258
1700
1491
615
6326
4079
4480
6322
3407
3510
3586
9289
9671
3467
4904
9790
9259
2023
5492
774
3922
2336
6058
3837
9306
7171
2511
3781
1113
1432
6625
5488
5953
1832
8300
4286
1580
7099
2108
5192
401
7382
7868
9937
9063
8445
4888
7037
7588
5268
9884
2696
52
9576
4721
4165
9668
500
3346
6852
7670
3953
1769
7054
5812
7934
1877
4506
8116
8094
1375
9627
2490
1603
5386
2484
444
4059
7719
8233
9168
1798
5440
219
2759
3082
8783
441
3330
2016
4981
6602
1976
8396
3366
1648
2955
3696
2372
4870
5944
2527
2362
3035
373
3610
1900
9969
2297
1837
6058
6513
2641
8882
514
5358
6987
6653
8989
9136
6028
7411
7096
2531
1496
8590
4916
4152
4521
3547
4430
9451
387
4571
172
6216
9249
4064
8685
3906
7531
3585
7187
7052
4929
5558
2936
1647
9767
7719
3929
4018
1291
8713
1037
1912
1748
530
2526
6463
1529
2350
6632
9688
8275
4734
4847
4153
4319
1025
2597
5110
5494
7007
32
8712
624
7905
3110
2459
1107
6716
2767
4467
6908
1495
2340
449
8979
240
3218
1087
2011
6258
4791
6803
8276
4538
5801
3778
7383
4335
6795
3359
9011
9722
2109
6964
944
5594
9628
3758
7208
3569
2916
3876
4882
364
7365
3074
9872
5568
1282
9100
5600
981
2783
7458
5257
3585
1834
5338
1214
3487
48
2031
7050
6606
2841
7478
8605
6186
9398
245
8687
9124
5410
7277
4744
884
1804
5316
2789
3841
6877
6296
4974
2236
9856
3573
1904
2166
6994
2130
8003
6400
7596
9299
2195
2040
6166
5573
2766
4501
2766
4475
1246
9853
8289
6736
5583
2926
2311
158
8024
8065
1492
6303
9669
2902
4355
1089
91
3830
7018
694
7156
5473
5015
9040
8995
9944
3718
5379
6418
3765
8796
8790
9499
8339
5038
4126
6251
2279
5145
3174
933
6179
9277
4233
8579
8070
8087
9512
1373
175
1517
5296
7437
5210
3328
1783
5523
8653
7976
5815
59
4117
6900
6808
4111
4409
4393
1891
2513
234
5646
3267
3332
7868
6444
3320
3132
3277
9338
1430
3271
2671
4838
9908
7870
2334
4485
7735
4185
1634
445
2759
7919
4002
4954
7822
2828
3234
5268
1648
1306
3805
4953
3332
2997
2930
3767
612
4438
4688
1069
1605
1485
6511
4554
4256
2277
6958
3410
7774
8727
2229
5295
2815
8682
7782
4723
7370
3074
7955
7177
8028
1845
5721
7260
7090
7715
4527
4307
8824
4222
8421
1385
7071
5576
3699
9283
9232
9420
489
962
240
6199
8758
9227
2541
6947
7744
3329
5536
140
1772
3259
9308
6971
2272
729
8831
9202
85
3741
9343
5113
7921
2354
9789
6360
63
1065
7811
7347
900
6420
3428
3195
5557
4869
9384
9823
9462
1318
8591
6972
5675
2580
5694
3108
4361
7493
8113
792
2856
5503
3094
7345
9843
5720
312
4382
5356
4899
3706
6104
3924
183
3711
9200
8065
2605
6578
3067
5039
1904
5305
2979
6527
3854
8192
482
9563
752
5441
7682
9228
8514
3418
3533
5783
7546
4942
9695
9540
4096
4589
2569
5232
7821
8580
5644
8580
3849
6007
307
4550
7492
9573
9308
4132
2950
3512
3063
6188
7674
1885
1386
7066
9916
6006
8916
5444
4468
9836
1602
4300
7380
1658
5926
9843
744
3269
4401
5830
2137
718
5188
213
830
4383
7178
4192
4801
9073
1524
7923
9885
7066
3791
2904
9358
9603
7552
4432
913
7144
1031
3722
5031
2187
2818
1950
9317
3255
5544
6453
6385
9159
3460
4713
3646
4862
8635
9249
8843
7917
1424
3446
21
7856
7783
1970
4196
594
6404
6952
8540
354
6390
3177
2523
2987
5763
8847
4205
3502
4823
3053
5772
4470
2259
6072
6274
5248
1973
167
8442
5139
2206
2887
5180
438
4958
3918
6520
7680
9320
8730
6537
308
7513
8355
6717
1697
4535
1574
3330
6512
5826
8035
7444
9314
5384
5771
7383
5873
1814
8150
9662
1494
5608
1541
3304
5508
5632
6815
3697
3188
8297
1500
2288
3877
4880
747
6901
6331
6602
767
6540
4786
378
9355
7735
7544
6825
7234
3246
235
1972
7273
3503
7070
6711
484
7759
7202
5553
6313
3756
2572
2968
2974
9196
4734
3449
8575
5471
2113
3956
3473
7759
289
9708
6079
8601
5396
5081
6292
8193
6594
145
5342
2379
1543
1926
7651
3630
3540
305
7904
5103
3553
7698
2713
718
877
1374
4071
9181
9876
5091
6947
2083
9358
2120
2394
5750
3677
5811
9714
7488
7535
4251
6369
3870
6897
6193
3670
5429
8559
3825
8017
3544
505
2002
6827
1984
3175
7201
2707
575
5720
4247
6103
145
3339
4906
2963
9149
7749
6444
9219
6208
6721
1360
1036
5792
3092
8075
3688
3302
4734
2772
4547
8454
9512
222
3215
7433
4369
6827
4803
7381
1330
9835
7547
3249
7470
4831
1877
2450
9322
5785
2123
9466
6499
4322
2065
1969
2928
146
4643
5152
2740
1006
2479
5634
9098
9422
1821
6939
3076
5307
8374
1692
1374
4253
9813
2011
845
737
7811
9817
8963
2915
4632
4902
9793
1951
3186
3850
4523
4196
292
9292
1757
7697
149
1352
9955
9185
8126
3299
2366
2196
4690
9893
6621
408
6464
326
7808
4376
4183
5851
8294
8481
206
7285
3170
8761
8556
2285
6638
9915
8149
7240
1166
3360
614
4374
1114
682
2757
933
9412
2589
8444
4313
5806
2625
6416
3529
5596
9117
2926
2366
7339
9380
7588
2929
8460
1885
5486
8458
9013
2059
8571
20
2681
2235
2292
7761
3741
860
2407
6420
1038
9310
8584
7055
8861
8306
4520
8470
2317
7019
4741
3301
3637
4532
9424
9642
5834
6608
1861
221
8770
815
2552
9709
2557
3309
8525
2143
471
5308
2874
1597
8675
972
9905
7624
8656
4644
9994
4399
6780
3967
7724
7114
8290
8960
7217
7391
732
6508
1558
1511
6862
3809
328
8809
3688
6144
8619
9989
8846
2945
4617
3070
2551
9909
1170
1302
7747
196
7525
532
7787
1429
9932
7926
3882
6772
6034
1010
3791
4787
8862
1140
7748
7914
3583
3490
5829
6774
2392
7978
8892
8199
9243
7355
9708
1344
674
110
7477
7454
3069
9619
9172
7958
3330
3050
4540
4635
4205
1873
9447
9254
8138
9836
3295
7880
3347
3141
4351
2969
1326
6054
3329
4783
994
6139
7165
549
3719
7503
2866
536
1884
4508
1555
4688
1435
8137
6592
5219
275
5572
7419
5245
1778
6915
9504
8987
4008
8203
7224
8884
8716
1678
2502
381
5444
5078
2732
6769
1072
3249
7626
1093
396
9171
5962
2122
220
3323
9409
6084
9418
3277
1960
7275
6265
2162
1776
2126
2623
1935
9279
209
7316
9733
7163
173
3330
4811
7116
2473
6375
9131
8836
3655
1499
1851
6552
1005
9300
5175
7026
9566
7885
4343
5072
1786
360
8194
5322
1647
2144
3346
6168
1657
5456
5431
4054
7015
1760
9588
1708
410
468
3731
3902
3565
7372
8902
9415
528
6169
9143
4279
2120
4936
9130
2670
6401
6858
2028
9580
9180
6598
8635
82
1169
6883
5838
3108
7577
9019
1145
8887
7868
6546
4818
6557
3698
6700
6468
562
2662
9678
3807
1910
2503
5092
3656
872
2346
3458
514
2060
1347
5557
4483
9058
1331
5948
948
1574
4633
8927
3125
8480
6583
8335
8106
1869
8051
8773
7993
536
5527
2019
9609
1923
4311
7235
4340
3181
67
3359
125
8883
866
6962
9756
9049
2998
2466
7998
1263
1300
1117
107
3805
7939
9089
4655
9932
5476
1625
8701
421
4404
3033
4871
5207
5623
7947
2413
5783
6053
9250
7594
65
4773
4408
6405
9166
5018
5853
713
7848
6682
3910
7766
221
9703
9707
9569
2280
4970
1641
552
3738
7213
785
2739
5348
8078
5186
5991
5054
1318
4159
85
3103
6419
6154
7825
9122
9675
1390
7139
9659
6719
7732
1180
3297
9497
6134
8925
1868
9833
8597
7873
9024
7494
140
3415
2428
3082
6553
2727
70
9943
3746
7067
4077
2821
6011
8067
5628
7532
7551
2606
4123
7290
983
5998
4181
2333
9925
4867
4578
1669
841
2547
4021
7598
1607
7245
7783
7546
6132
5839
4023
7990
1927
4326
8173
4799
3545
8996
3053
522
8414
1756
7013
3356
1254
484
284
675
8142
6491
6945
6506
359
2538
2974
1749
1740
4937
118
9811
8864
1356
9070
6355
1149
7070
4026
8337
8774
1576
4887
2061
1719
30
9774
146
605
9345
7973
3059
8136
1428
1458
4161
4446
3600
865
3409
9773
1965
4459
7362
1440
5754
2269
8140
5203
9654
4616
6384
8435
3421
9703
1645
8735
7514
7706
9966
1803
1114
9805
2911
6949
2899
3510
4487
3274
4261
6348
9722
7275
5967
845
2150
7260
7719
7026
504
5839
9603
1154
4370
6480
1696
9674
1283
6634
6756
1749
6041
4618
6893
140
4623
5574
2771
1251
8101
4676
9917
6739
2619
9048
7619
6422
4214
2959
7144
2057
6562
9347
294
4071
8031
6223
6306
2656
6075
820
1672
695
5368
4037
7992
8900
7447
9633
258
2211
3679
9375
6408
4292
2923
8849
6568
4520
2259
3857
5642
4017
2054
6402
418
9310
644
4106
1142
6658
3418
9376
2533
4508
2674
2897
6150
9259
5533
1529
4941
3472
5956
4441
1569
7546
2045
5985
3830
1131
9341
6989
1535
8337
9227
2039
452
5216
1123
757
4118
8310
8389
6966
8874
6250
3837
4586
1881
1055
300
9699
372
9513
3749
1909
9817
1455
8754
5669
4754
3857
3560
5175
5536
9996
2369
9236
7558
1262
4768
8370
7509
5380
5430
3438
2649
2150
6386
1759
1592
5583
7442
6983
5388
4181
1698
7849
7976
117
4425
9857
488
7007
9184
3124
7719
1738
8974
7701
2663
4432
3165
8000
367
6795
5595
6712
3539
705
2948
5925
2916
9890
1294
2528
2548
6106
9635
8993
5117
4200
1222
7188
9494
7655
3177
2764
365
708
4990
8108
1249
7302
9459
6018
6515
5646
2722
9825
736
8179
5658
4659
2715
1198
4359
440
8646
2215
696
1938
828
6494
6799
2152
3499
798
9910
9966
2245
4854
5275
5539
9744
7646
5666
5224
5901
9970
7374
3381
8158
753
7915
1265
9173
9183
4784
9595
7322
3319
456
8567
3803
4157
4972
3665
6671
5218
134
5464
9555
2906
2665
1352
317
7424
4892
3467
2381
6038
5270
4823
3735
4542
5915
9289
1679
1206
7333
2809
7025
7729
3444
8449
4828
686
4865
5390
7334
837
2747
339
5931
5483
5892
6626
7714
8634
6485
4123
1625
4419
5738
4328
4296
581
8782
6511
4978
8723
5352
414
3456
6417
885
8187
8261
7338
3219
1649
3011
455
5269
5663
9675
7928
8958
1453
8822
1880
3697
5598
8666
3503
8219
4167
9026
9050
6468
4270
1804
1338
4355
8819
6706
4789
5638
7973
6909
6232
5110
9828
1680
8892
6542
9763
8729
9645
8498
5021
5232
8779
7303
8396
8732
4541
4238
4890
3062
1191
9662
7194
8057
7845
6559
980
2122
1279
9469
469
1876
6457
840
3420
1349
6351
3738
6004
9419
4366
653
5845
2097
4578
5041
8363
1179
8964
2898
5829
7361
4066
6876
8959
900
4338
7560
2417
8486
6747
2290
4243
4796
1622
323
2595
6167
1626
7389
3584
6775
2513
3771
2908
3770
5150
7457
5851
6286
2047
5215
9338
5687
8970
9743
8070
4961
3272
4276
1220
4467
2255
660
656
7619
2509
1845
1080
3188
5227
341
355
9478
3772
5648
2955
1958
6276
323
1797
3033
6316
6207
7827
2144
1483
6580
8208
523
5939
5873
6817
6747
8417
9764
8290
3408
2129
410
6531
1020
9699
1742
7550
2045
4999
8637
5056
6216
4867
6706
2530
9882
4706
6726
9688
3597
8117
9353
8532
5994
1283
6511
4572
6299
4603
4663
2904
2840
1091
4987
2408
9526
7333
8357
497
892
7289
1683
6908
1700
9498
7686
1730
5549
288
1817
1636
9265
5325
6778
240
9164
320
5660
8659
2013
4848
5404
2521
8173
3900
8424
9654
6943
6207
3999
3742
1461
9226
2969
3106
6121
8241
8700
7166
9620
2201
5888
6458
7303
7839
9491
4729
2953
9076
1811
5482
7603
9352
7678
7904
6620
930
3354
6133
4594
4498
5628
7692
5541
3066
8603
1742
8952
4640
4461
3025
59
2204
4631
2157
5294
5704
746
4970
7053
7077
3819
990
3202
4898
6003
7838
2859
4947
9502
6100
5384
4141
6046
5921
8018
3199
210
7871
3021
6535
1810
7870
1211
2905
9283
227
6628
1973
8701
9021
1094
1299
6732
9748
784
2855
7726
6120
7661
9689
7264
7996
6
5527
746
7403
6892
3781
3102
5489
6818
5969
7205
8448
9410
5089
9607
7045
3152
566
6421
3744
2484
7822
5392
2456
6729
2107
1594
4700
4713
9707
8751
756
5512
7035
6695
5546
5746
5721
16
8367
5025
6533
223
5358
6338
4686
5276
6850
16
3209
104
8188
8615
1989
4317
2443
3588
6868
624
1337
4168
5461
7275
2642
1872
3885
9293
4297
1122
6898
1691
6152
7275
5108
9659
711
6375
5871
4297
2320
2510
7859
7707
1109
9111
1840
6396
7898
5203
6337
5598
3689
3927
4401
5458
1586
5585
6074
2402
1797
1271
6270
9815
7364
8631
8212
6138
7890
5554
1971
1798
2662
7276
8607
1193
8400
7016
2064
2862
7563
1309
9541
128
3383
3495
5165
5317
5734
9461
1688
5601
8722
4614
9587
4798
6038
9601
1180
5189
9599
8947
7719
1650
1088
2881
8703
3526
4035
7846
8277
3617
6229
7396
8899
6541
927
6306
3128
8868
1681
9264
6350
8725
6967
6029
7684
3627
3172
4441
170
8100
9331
8826
9780
4087
8222
7443
2542
6243
3556
812
3101
2924
649
815
6733
7881
9479
7265
5771
159
8490
9440
2041
2145
7553
5669
169
165
3181
2105
4344
7510
4126
5708
5700
4769
5229
5627
356
8699
2665
1309
3281
2290
4947
2748
6122
6681
2299
5138
4618
5951
5598
9495
6040
725
4960
7639
7752
9984
1370
8546
5711
7484
8073
461
5835
126
4273
2612
8627
4400
4802
5322
6583
3841
9187
3012
1886
8818
7238
9163
8427
1407
7083
6792
8441
2464
1955
2060
6033
297
4165
8317
3823
9569
1428
3682
2295
958
7617
719
3779
569
7792
5519
680
2871
441
9596
5220
1761
122
1270
7801
8319
5919
472
4979
8037
2579
3736
1477
466
1220
7926
6680
5626
7026
9468
3846
2691
2379
4595
5203
2537
9492
5342
9426
2375
3900
3972
5221
8766
6426
707
2576
4582
4571
5517
3796
6260
4816
7695
8093
6178
8237
910
6169
517
1678
2944
1587
5009
1223
5349
6387
4911
612
9726
7277
5904
6893
7819
1017
3685
8780
3730
2793
5154
1944
5109
3174
9987
2057
3066
5682
2155
5413
8963
4097
4153
5648
2490
6362
4906
8955
5840
8017
4811
403
9614
8996
8898
9155
2511
3521
6570
499
5280
7600
5553
6794
5159
1544
5849
212
6535
9422
5599
7883
2608
1774
5716
1103
3213
1230
1975
2706
7716
3676
3808
9219
2166
2293
8071
8943
1936
2762
1150
2992
2006
5900
8424
14
6433
5257
902
9674
5315
5287
8751
319
6791
6675
1677
2278
2715
9638
307
8941
341
3313
5464
5544
6747
3958
9101
3516
1201
8774
4852
6692
6245
7020
3894
5389
3395
7312
1120
2840
6028
5756
3060
7848
8011
3948
9365
3042
547
6606
7098
2616
7840
3257
1839
4375
7775
1885
7223
9380
5849
2313
6351
8078
4156
4319
9834
9929
8710
1525
4203
5329
7818
6960
8761
7060
7693
5083
5997
7137
444
7895
6074
9010
910
7516
49
1955
3148
2620
1365
4914
2445
2482
534
6327
882
9020
914
7344
7425
1639
1865
8468
6544
6662
4712
3831
6935
7426
4493
8737
4504
4451
9511
3304
9514
1631
1360
9742
4666
6493
8613
5266
4613
6672
6419
1682
7394
6840
540
8609
9186
1843
6034
8565
1573
1173
5723
2097
8754
407
9647
3911
1379
9771
3029
7991
6726
4098
9897
5332
5267
9452
9924
3871
5088
3607
9487
5817
6582
6905
1715
9733
6979
4460
5313
7259
2299
273
4027
1319
37
5207
8051
4843
7227
4471
6104
6084
5342
3180
5584
2166
2566
1540
9047
3024
3116
5400
5870
7073
4650
1790
1329
3824
3943
2826
2517
3966
795
6354
9925
486
6763
911
999
1183
9531
2015
6422
8546
119
576
5243
4091
8946
401
6726
1494
4977
1333
4785
3194
8584
8091
3628
4161
4666
5805
1398
8403
6659
6697
8027
9610
3750
1465
8651
566
134
3761
3146
4469
3965
6511
1769
5312
634
5502
2899
9696
3853
1554
2665
8193
9721
8848
2642
6359
9627
3714
677
6791
4268
9002
3129
2164
8814
2617
6711
5037
7719
8303
7598
2336
6315
2304
2418
2542
5901
1756
1433
35
5214
1471
6333
9916
2725
5672
9223
1799
6817
1122
6783
8503
7394
2532
9283
2804
2642
2371
5258
7015
1266
9409
7455
3068
1193
5836
7407
9626
3534
360
8127
7709
7482
1706
2923
8350
5871
5965
8391
2642
3586
8918
8134
6157
7085
639
6979
6897
3843
4117
2003
9324
8580
7011
8275
2624
6284
4427
1866
7845
4206
495
2319
1039
3935
6887
7588
9392
5651
8627
6953
7823
4554
94
3010
5871
8672
2441
9792
8538
755
1637
2482
5668
3671
2096
8291
4457
434
5494
6262
2288
7923
4672
4702
9988
4803
8322
7859
428
6880
6470
549
3420
8368
9283
9067
7309
2432
6166
5572
7339
7746
59
7729
4902
7382
2609
1805
1879
8768
2594
2409
9068
4012
6848
7692
2219
5104
795
3785
3514
5477
6894
8062
7627
4765
1885
6544
938
6086
5382
4434
6181
1958
7083
3848
2328
2297
1510
2729
853
8926
4622
1908
9574
2934
8880
3024
6112
8091
4163
1750
7643
4000
7194
6884
2120
3001
460
5243
1788
9215
5172
4210
17
3934
6369
5079
5758
375
6290
1322
9492
2700
5946
9416
9208
1065
7473
322
4763
767
6747
1562
5605
2439
6084
5549
9145
9363
8466
7302
3933
1787
1115
7075
4745
7597
5748
4509
1660
5932
8757
6852
1472
1079
3191
6282
204
1951
3884
1328
7626
3602
3029
57
9267
7395
7913
6524
7785
9350
4641
6351
9102
3499
6029
9054
7321
4850
6334
8068
796
4249
8430
8003
319
4607
1527
6491
1592
9454
261
9942
9306
2549
373
9964
7083
9296
6033
6001
6821
5362
9774
1912
9216
6506
6254
2084
4671
8981
8364
4623
7956
4512
1879
7348
1684
2016
977
1518
6478
3126
5086
6610
845
308
1855
4965
2701
3035
1941
6998
5661
3370
295
3741
4617
4811
2277
1053
1276
6240
6646
6178
2150
6217
1097
4571
5118
3508
2489
3272
5939
2409
549
9922
6051
710
4382
4045
5633
6939
2204
4101
1769
841
5335
8714
7592
2989
2866
7893
6339
8046
55
1379
9130
3897
2472
2329
6590
2679
6506
3342
2763
9755
5097
7003
3582
3859
8600
9027
6112
5227
8829
9564
639
2781
399
6464
6511
1720
519
9789
9833
3224
2962
6808
9624
2115
8785
4208
4196
6825
1525
9234
8472
9006
1110
8709
8052
4473
4021
5398
6666
7074
6426
7838
3886
4899
8701
2372
7104
8886
9746
9032
8507
6999
6075
3510
1084
7948
2367
4039
5628
6266
6629
7707
5615
1498
73
8150
7370
8135
3035
6706
5095
8416
853
8078
5736
698
8520
8703
5079
4319
796
1807
4989
5161
9792
518
677
6053
1662
3490
3240
287
2724
8776
9137
6556
1256
8680
6432
692
5167
4226
3758
7655
7826
2342
3971
3207
2830
1846
1887
2415
4400
7961
6845
40
4791
5158
7826
9848
4754
8828
5131
5373
6576
3823
9083
5374
2200
2781
1985
1260
101
8623
8607
9923
590
5777
3412
5548
2035
4584
2756
637
49
7330
890
2069
2190
3393
9450
6036
630
3829
3672
2968
3621
8541
3656
8
1075
5722
845
4490
8133
2242
3094
6887
3053
9222
1706
2371
5164
9223
8816
2482
9316
1404
5042
102
9554
8842
1125
3147
3951
6138
1362
884
973
8638
2145
5035
9613
6274
2268
1397
5622
1897
8493
7596
4149
2159
2742
2813
5371
9362
9288
3582
5078
3302
69
9689
7696
5783
5829
2164
3847
4002
5531
6431
2387
1356
5432
9110
2300
2971
2186
8509
4844
139
6782
8275
3817
7386
7296
6932
9554
3755
4386
6099
8834
4279
6506
5700
8254
9345
9171
1234
9431
8830
3956
5677
307
4235
1964
7159
4421
1372
2723
3118
1860
213
9184
1674
9661
7121
8068
2929
2358
7176
8331
5834
3353
1376
6909
9824
8717
2201
7176
6447
6635
4715
3245
7890
3356
5393
8082
3301
8785
5107
2071
6079
3417
9731
8472
7210
5874
2320
7315
1591
6433
3547
2829
2699
149
1175
3972
7382
5966
5377
2824
1621
7881
240
2709
7106
1666
1987
2340
400
2958
1280
366
8222
2921
3066
9187
8572
662
8419
1373
9797
3790
2880
1568
1691
1213
6003
7246
3226
9823
1726
5448
5423
9377
1380
3175
1183
9313
3710
6769
7758
4217
3193
4733
8750
9444
3924
5337
4250
991
72
3133
4034
2625
8991
9904
1777
4208
1185
9210
9679
7144
4926
5566
4438
702
715
4051
1645
6919
3853
6987
4932
9536
1115
7816
5796
4978
1712
4629
6185
7693
628
8667
671
7622
2872
8111
1042
4961
997
9036
4079
7199
8369
6898
9607
8812
8796
9609
2417
7210
1032
118
4215
5650
8842
3799
9885
1533
5146
577
7906
5607
8562
5340
173
8185
2170
4103
8480
3152
6313
1677
627
7311
3441
5342
9290
297
4646
2117
6720
751
6237
9179
3075
3781
6104
8719
4133
3956
8398
1961
4077
9713
1355
5377
370
8425
8266
4053
1023
323
9820
1140
5996
8680
1136
1214
5822
2685
198
2079
8877
8290
1204
460
43
5602
6395
1406
6677
378
7087
4344
890
69
6282
3708
7729
9354
7
7862
178
9701
894
2485
2462
4467
2070
6774
533
4746
3000
3336
7613
9245
1083
9952
1149
8651
1757
7533
1048
5016
8631
755
681
7280
7300
3680
205
6787
3019
6801
2470
7020
527
5524
1925
7349
2951
5335
7455
971
1946
3161
4006
843
8421
3031
5778
9832
7011
9586
1914
9532
2424
3267
2617
932
5786
5203
3992
8087
6824
455
1458
8290
102
1512
2485
277
8527
3372
3920
3284
9565
7539
1899
1954
6043
3907
5212
9278
9592
9622
5842
5886
917
6498
9810
8774
8636
9692
2011
1297
7014
1075
6660
6691
4789
9252
7274
1497
5056
3272
5641
8405
9057
3948
541
9840
2727
2152
7104
4403
3326
4199
3286
661
1926
7503
3012
1854
4234
318
4701
3368
1071
4569
7796
2605
8493
6551
2972
5871
9010
318
1468
8736
9494
5078
6503
6179
664
4525
7113
4626
2284
8148
7652
3807
3973
7156
2041
4953
716
7324
5650
2013
9686
3020
7789
5158
7475
4490
6835
5401
4010
2296
7652
4723
1875
2012
5391
2531
1887
1541
780
2858
6716
2862
5785
820
5562
3879
2023
6517
1866
881
7843
8452
5451
6569
4616
1786
385
1244
580
9558
7263
3881
5773
6932
6976
2224
8603
3383
7087
1416
7855
7973
3313
7257
8642
5861
272
3998
1179
7702
5857
9030
6973
2307
2411
6229
236
69
3634
5796
6346
9382
3412
6488
3166
6272
4282
1564
5595
8718
3472
6420
1032
4793
4534
3897
9166
5630
8416
7574
4974
1451
3323
2583
780
7934
5685
2825
7634
3476
5959
3811
7214
8842
6620
8210
1304
3652
7362
5407
2241
8816
2425
9654
2632
666
7197
8627
3899
5864
8493
3792
8652
7156
2743
2230
9372
1796
2621
6395
4780
4058
4126
8784
6676
9747
5698
1903
7657
7753
2643
3132
4202
3828
1409
7209
1017
4739
8620
9998
2212
2742
8135
2953
7848
4765
9045
9355
8364
8180
5276
2545
3265
5566
7262
2813
3918
8395
3854
2044
1514
7494
5566
6429
8260
2149
4878
910
6053
5052
8315
3825
7279
8155
9705
8190
4925
8664
5123
8833
2797
9946
2352
1984
6701
5613
2604
1979
5332
3339
9659
2084
117
9958
2797
5302
6710
7761
7005
3271
5481
2445
4270
3671
1107
881
1982
107
989
3443
8669
535
7880
6916
9766
1223
5923
1870
1836
613
6674
6669
23
4564
1194
4234
4224
5619
9690
2538
881
9159
320
7653
2506
7763
9946
6498
3189
2034
9908
4051
7588
2545
7776
871
2776
5203
4563
5698
8167
1353
5570
7441
3335
6483
4822
176
4435
7800
1115
8147
8945
6976
9998
6846
271
9551
6091
6150
3060
5617
3708
7689
1428
9093
9156
4399
6401
7328
2737
4924
3512
1800
9585
1548
8276
8698
1390
8582
8329
5363
1692
1349
3072
8938
3841
30
7088
7733
3679
8427
2686
4810
9215
519
6239
434
4830
5995
6964
1717
1490
1085
7171
7589
7029
2451
2343
9592
4602
9300
6463
1273
9166
2528
9238
2637
4947
2439
8609
4420
4790
3970
1685
909
8213
4986
3751
3665
1522
8467
2459
4765
1358
1502
7734
7138
3823
2935
3619
8983
7237
1875
8863
9681
5616
8041
4818
191
1237
9245
7070
4191
5524
6942
7396
3625
552
2069
120
7921
2378
7854
8438
6249
5493
6640
2779
6476
6575
8917
4732
9586
1597
8833
3146
9964
4127
9397
3877
7277
3830
3313
488
1019
7975
3033
8169
5814
9654
2030
9643
8684
8520
5400
5669
1629
8869
4203
1239
4288
945
820
8690
8338
5850
1445
416
141
2375
3662
9180
1800
3219
4517
4817
9084
1733
56
4341
5346
8678
5943
3048
5110
7634
5995
5482
1151
7531
3039
8456
1580
3570
6909
1500
7143
105
6066
372
9856
239
1312
1305
9267
6627
2913
5884
3291
3245
3898
2572
9312
3229
1973
2780
1130
1294
5897
520
874
3243
5617
8471
9090
5567
310
9229
4213
4931
296
6458
8863
7909
5284
7061
1813
6955
4304
1163
2308
8580
3498
4930
2627
8053
8441
2998
7768
4685
1196
3639
1318
594
2832
7395
9726
5349
7647
6758
2867
8852
6492
8853
2835
4945
9994
2717
3590
7489
2047
2204
6264
8519
5853
8383
7817
9708
258
8285
4686
5856
6026
6380
5361
6249
8520
2874
7812
396
7251
6076
8031
2581
674
9717
1011
5534
6128
3589
4454
2276
379
825
1932
8113
7723
5645
4428
7983
668
9871
9128
6769
4382
5628
3790
9182
4783
6770
7749
121
3348
2316
9297
5104
2437
6703
9266
3313
4945
6267
4081
330
9742
6408
3437
8865
4115
9735
8025
3637
3626
8666
8783
2856
3961
8095
3387
9379
9179
6482
6836
9801
6102
529
8148
3918
4455
3477
9117
1560
2328
6318
2947
1452
4830
3212
7586
399
8342
6768
7261
7159
1036
7395
3799
5779
1704
7981
7394
2006
3196
7372
8878
815
5644
8549
2068
1728
5224
4730
5995
1819
8276
9932
3936
4467
3221
6060
3387
8707
287
6185
997
4995
874
2771
7693
9045
301
2259
4938
8943
3626
5718
3890
2934
9398
2685
3003
6889
5455
8919
7364
2808
7053
5324
3267
1154
9348
6496
3858
6119
9773
4715
9345
316
9324
926
4376
6909
3339
5097
4145
5603
5195
9001
2627
2644
3781
6872
1996
4710
3945
8009
8371
6950
2265
7247
1671
3192
1553
2916
5876
2018
23
9017
8845
4665
2173
4297
1801
7495
1807
4670
9486
3127
1088
1043
3030
9775
5042
6023
3247
9163
7402
5896
5854
3800
3404
3436
2127
2578
9167
5251
5539
5744
5291
3314
6125
9572
4540
3996
1676
6950
986
2844
5983
6235
3235
7390
5803
1050
2207
8113
3423
681
6988
5577
556
6589
1082
2910
868
4025
9656
8205
823
6252
148
3435
4632
9750
7960
4125
6962
5432
8133
6478
7518
2118
8086
3374
7279
8095
9201
6691
7285
4070
6603
8032
9068
7022
1254
1404
2397
9548
9978
4321
5501
5248
4680
7228
5071
2962
1411
6867
668
5121
9397
2587
1146
8926
9874
415
5701
7345
4388
9635
2687
5755
4208
2201
4806
6312
7495
3386
8387
4683
154
6678
1906
3509
8402
5861
6233
5731
4938
2195
330
7777
7538
7928
3639
8515
9767
4345
5576
8
3459
161
168
2299
9200
5632
8530
8948
6191
8675
8401
750
8952
853
6162
6027
3615
6424
2554
6922
4923
3585
7744
1366
4486
9719
8925
7046
335
1134
4359
1904
9426
2781
1415
6775
2531
4167
2395
3503
6658
7144
5791
5726
3914
6803
2289
2114
9440
4331
6127
765
8022
923
4640
7710
3367
2995
6006
2289
7778
2295
8036
6302
9384
9171
1689
4865
2926
8976
3917
4128
9834
2714
2937
681
485
5110
6144
7005
3448
9436
1520
3831
9838
9718
6904
7759
6625
8632
6486
6692
7472
6267
9532
9757
7664
3816
6776
6946
861
4179
4021
2170
3386
5853
3454
2272
7305
3835
9268
8472
7582
511
4289
3492
1022
9040
7405
1614
7111
1421
4626
6589
7190
9889
403
3251
2840
6298
3
1753
6970
974
457
9281
7469
3060
4970
7492
7733
9439
7924
1473
7779
1768
1638
7272
1534
9728
2805
2710
8153
6670
1760
5224
9980
481
3717
1344
219
556
4196
6004
1240
1823
6825
3451
8551
955
3741
7480
6238
1732
7820
1008
8197
6725
1541
1611
5687
6973
586
6152
1589
9559
1981
5003
9871
2220
1573
9780
5215
4991
9855
7158
6899
4843
6711
4711
1917
3346
4758
8318
4982
1892
9210
9471
7605
5903
4588
9064
3963
7631
1398
4362
2357
6453
9185
5925
3969
8106
9579
5499
6234
1600
1413
7368
6157
1849
68
7563
3588
2697
1728
9119
5328
5503
456
2048
7943
9874
5182
9730
4310
2023
5211
9067
7972
4359
390
6205
7780
8012
420
9766
2204
3480
6957
2430
8609
100
2775
8816
6602
4942
8913
4320
1793
3737
8360
8421
252
2647
9538
3576
4649
7590
1121
6367
9914
3243
749
8448
6901
5088
2500
272
2803
1322
2252
5879
4865
4508
1816
7414
3403
5819
9604
9482
4717
339
3000
410
1576
1867
51
6536
204
8362
6792
318
6646
7534
4404
3331
4022
3171
154
3619
7388
6606
3082
3240
8478
5631
363
3986
9105
7265
1049
5327
4828
7875
6049
4003
629
9241
4943
4781
1643
1062
5924
536
1946
4684
3698
7564
5878
7760
7813
5466
845
7649
3789
3181
7430
9901
9885
8832
8584
1104
9749
1899
9052
9078
2582
5236
3994
5083
4286
4715
7786
6205
8866
653
9390
6322
1455
8856
7656
2823
8349
7427
880
7764
1597
8416
5847
2005
701
3250
4603
4870
3301
6810
8112
5292
8079
3585
4552
5520
9659
5552
2440
4115
9928
9430
6977
6898
6506
5420
6357
7746
9374
3555
595
9177
9923
9897
6441
4428
9896
4105
9182
2159
8316
1193
9514
3836
4087
4355
3268
5692
7068
8651
3348
4216
2690
6922
9061
6093
8096
3776
61
4425
4518
2161
9496
4639
9270
1386
5240
2839
4336
2365
4618
8970
2712
1701
1694
2745
7978
5658
4622
2395
6761
3705
421
8780
770
822
1053
1890
931
8548
4635
8664
2002
9055
1668
3079
7234
2273
7143
6450
9734
9717
1956
757
3895
7867
2583
9419
8185
417
306
3358
1369
6552
2760
7105
6914
2341
1875
6896
9956
8434
3641
1977
9373
3992
4664
5327
4454
9981
7082
9992
4678
8445
3949
872
3319
249
9768
625
1500
9616
8298
4630
2145
3574
8094
5028
8148
6024
1165
784
9686
9449
9302
8268
1720
8990
1704
3974
2086
6456
9744
9036
2795
8194
9863
2089
6736
4238
3995
3132
1664
6996
3355
6307
7120
9289
8135
8470
545
5548
1998
1552
3747
6109
550
1966
8020
5380
2805
9685
3188
7033
8128
2309
1452
2572
3296
4841
7141
7372
6655
9544
7837
274
8083
6991
4088
8748
8591
6285
5524
8010
6671
9900
3421
9193
613
7275
3384
8936
5354
3203
8611
9193
8976
8462
4850
7904
6443
425
2228
7590
9922
8232
2378
9586
4311
7905
7960
8840
6735
4209
6896
7781
1453
7310
6006
131
7896
5506
7212
5923
6413
4030
8096
369
8165
8084
6819
678
1053
5259
3173
3009
7160
1858
9482
8537
1385
6958
2755
2494
7260
9487
8727
818
9318
4458
7785
965
9300
4757
3250
4544
1056
9853
214
5170
6032
2206
9842
5500
619
9208
5366
1324
6632
8832
6623
6783
48
2480
4184
1240
7561
5347
6851
4668
4672
6364
9394
8275
3841
498
541
3644
4525
15
4091
8452
3426
6835
6684
4000
8749
1168
8340
1258
1797
3148
7880
5981
8822
6914
4664
8138
7367
2202
1932
6012
565
7419
9046
2441
2351
1402
476
8630
3660
6235
2192
417
3364
2122
1902
8124
3284
217
5035
6399
2955
2344
5544
4401
2851
22
4648
1734
4501
9186
3689
6235
4500
9409
5781
2139
9022
1908
7681
8294
5928
276
7646
3776
4487
3918
9708
8007
1019
7292
4574
8260
3922
669
2894
3136
5308
1760
6174
8892
1797
3226
9134
965
8955
6459
8287
8183
6789
1049
7084
4052
6003
5285
9564
8614
5055
1207
6530
9110
2178
324
9689
1241
3059
3531
3933
6255
6861
1095
5983
3903
1791
6674
3418
5920
1570
7527
5618
1696
8368
2161
3356
779
6852
2072
9425
5489
6223
2067
3768
1545
8999
707
9056
4928
1750
9729
1507
8940
1356
1981
6086
3942
331
2792
5309
1462
5524
219
1728
4365
969
9517
9440
6445
2861
3221
1799
7042
3095
2758
3904
2356
6260
5082
4099
8931
7381
5987
6680
6944
4562
3578
2607
5761
4912
4888
3831
1573
2155
4259
1933
6365
9631
5559
5294
6407
6206
7323
2920
4283
7220
4297
8125
6215
2783
4811
3450
498
3970
8918
8234
8582
4864
8851
8311
810
1554
1517
1989
9845
9316
6507
1122
6883
9449
2313
9154
3477
730
9465
3638
5304
3945
2822
2660
3849
4874
394
72
6494
8889
9096
573
1823
3870
6979
4340
4055
3610
2892
7723
111
4217
5073
914
6318
1702
8443
8058
6063
1659
9967
9586
5274
3081
9378
5671
8437
7172
9090
9999
1688
4246
4216
9674
8617
6451
1334
5191
2785
5581
1274
3046
4063
4785
109
6951
9479
3423
9158
1883
5677
8178
6037
5862
7327
7809
594
769
1205
2217
3644
9433
6902
7774
5559
4668
5276
3673
8888
3021
365
4666
398
8395
7552
6527
5818
1882
8399
8319
99
4277
2725
8774
4574
9463
5195
801
8097
533
818
7783
4630
5609
3013
3444
9365
3798
7192
8636
3092
1006
3838
3412
3098
198
9334
433
7955
6895
6036
8951
4760
3815
4102
6968
1971
8428
890
3059
1630
5188
2985
9838
5816
7237
1375
2246
547
5080
7524
3416
6668
7074
9094
8536
8019
7938
1780
1265
8340
4406
8350
2255
5818
4765
9547
1312
1482
3503
7586
7146
8627
8179
7924
8938
7680
59
2645
5440
5667
3428
4288
6940
2083
3206
9025
6508
5617
7670
9807
2737
3388
5869
9216
3648
8691
2677
3688
3218
141
1573
5844
4070
4825
2125
1947
6470
2928
4769
3949
997
3359
9578
277
7765
6703
7024
5086
7210
8752
335
2269
5006
7153
3620
7707
8067
7598
8855
8969
7998
8852
7198
9470
6632
7234
5355
9632
3854
6999
3780
6509
1535
208
1883
1881
3567
1964
607
4405
5459
1020
1177
1743
462
9048
6474
3977
1223
4113
1508
7778
8440
6534
1390
6140
1155
9138
4979
7116
774
5571
664
3903
6124
8185
8251
1213
6348
9037
5992
4811
327
4897
7727
3318
4863
3214
1225
4258
8756
1122
5106
5544
9689
7052
8292
1082
9871
7373
2206
7741
752
2699
7478
9790
7864
9012
3607
6589
4800
7180
8014
8209
2670
5734
4112
9859
2210
4499
1974
1067
1166
4422
634
448
2202
1182
4702
9656
9966
412
164
3131
6321
8414
3156
4110
5630
7702
5133
7250
1540
9287
6495
2213
9860
6486
4789
9277
675
5000
5396
6741
6262
6647
1758
7086
5337
3889
9215
95
5911
9550
671
6032
4506
2434
1607
7264
2315
5863
3653
6110
8325
1595
524
6985
8951
339
7787
9912
231
1471
1703
9047
9558
2795
3891
9560
8822
6416
1078
5453
9694
3228
9367
5341
3588
6356
5966
9245
5426
8375
8986
7955
1106
3545
6418
9046
4395
589
756
9036
111
9432
5396
3949
6325
3603
6851
1902
8353
8908
8346
3917
4399
3637
4183
8206
7218
2247
7469
4601
8193
262
5012
6460
9730
542
3982
8065
9525
1413
2054
1011
2292
9759
417
1700
7109
7328
4598
7668
4519
7885
3194
4855
4353
5805
6303
1671
161
7803
1771
4595
8337
1691
60
4007
9246
5392
5750
3130
6742
4509
8700
8039
20
9717
806
1338
1437
1049
783
517
2147
1248
8547
4972
3794
3519
1119
374
678
14
4237
9867
2949
4314
5214
4112
4765
1026
326
6704
4928
7608
559
4290
1793
5013
5788
2433
7324
7200
2121
6718
8612
2215
648
2676
2384
2095
3493
4718
7653
9416
2653
6909
1033
1899
2231
4331
2289
8696
2019
6493
8065
9580
5695
8738
7929
7631
1087
4964
7820
7177
6290
9854
5057
5588
5278
4463
1275
1030
877
2048
6793
5834
1712
6864
8636
7126
2044
922
2798
6442
3572
2741
2663
2573
8741
29
2293
4794
615
1379
7707
9161
9057
7452
7716
893
5420
697
319
2190
7059
2787
7165
7417
9457
2844
6972
7629
5771
2721
4987
6723
8490
2124
1074
7848
8277
3093
7025
7420
3316
101
8114
7178
4202
2374
671
2112
8479
3743
9171
6492
4566
4965
6756
1172
4589
1737
427
1391
9433
9775
4667
6293
2175
8196
587
9465
2695
7353
1372
3966
5683
3174
2478
2655
7668
6244
9195
1344
7025
5306
1310
6629
6043
8484
5312
6186
4878
7139
2789
3438
3603
4886
8430
9609
6045
8501
3765
1245
435
3009
5600
875
8352
2456
49
7487
5758
9029
8854
6935
8277
2379
5863
4636
8945
3997
5619
3234
635
1497
7896
4485
7139
5864
4636
1217
2036
8167
6824
4579
8550
9750
1731
3194
4342
8012
1804
7405
3453
7934
1469
12
5782
2554
9961
6203
6558
5100
5900
5645
6542
3369
6642
1418
3106
1889
3113
4326
4368
1526
1649
3842
9555
7608
2195
3407
3703
974
4602
5798
3679
4306
3709
5850
7997
941
5221
1337
5983
3320
4013
1652
7618
7211
6364
4038
2652
4179
3928
1163
5443
4503
6556
6016
629
5459
6209
1356
6060
9459
4579
2593
770
7176
1175
9330
5725
4796
6086
6555
4647
1623
4830
7843
449
8702
7589
5641
9076
507
3464
1621
980
9651
4059
6021
6491
9519
5291
4784
1636
597
4321
6809
452
4888
5938
1047
1382
3366
4154
7162
4150
6226
2495
3461
1034
8896
6542
4260
2733
7561
3124
